5130256387494155477069850258877965778869871948345707896408329725973702443685207995327593297390787676086294339520090018830231695
8002096618261080021075530657192035236058615471358766244179986994478321956628192902082512359723691795706296433455836787041655447
8758217726571503392039346258204724618555851060136688776442847716373831091205793159937529730224961074128955670961149145171334313
5895420022196341651805214367628014130925321840929675210650177570894151206847703386653971496813151340727841485633237218841410222
8365569597101058177550422815111665731753358820180070157873606158654377722539520453205625414788539274178115511257190785848092624
0823202318758941077008897836476268010495506092017589426462283582158934196031953127849316547911724993862781850690282430039893736
5702114936890930517756228214386491469096750350095823393292281341794745966265807261525446852711506502240976895632602363541042338
9731391376526384103753210164600796003039418490338639513723398352462131760571515939295443981064121171264678272221152928966249733
3232960012163608109854671054951492675379023341953174344613247684991446199167005939363037583139560322996504728422012278979328570
1808402583286136450778451609397363834660667464598813222289364874359749769368825758226854340390300081224376844402205094329842868
0214513145474113804563550228205638981001132922557701694976614838561766365744982639450281617564625729386780078396740426768285012
7094786439983984129961617302122196667294000345017877317451163446398573154126364289412082021691222724103091177563634232520765643
6857540919102904323897585143289681844613639640262690011820335948891481102143401236048663802181601918847801521961967543579311343
2271146422907826593995122486276079655402230819626295388923669874620879236175034988644592113817804584033743200799313526925361